$coord
         -1.687969813516         -3.482853614583          0.080045589469     f 
         -0.816874649506         -0.851053456780          3.134449200437     f 
          3.225200440791         -3.120655347568          1.359185213216     f 
          2.305096885007         -2.157160057445         -2.554717608998     f 
         -1.625055161286          3.132589099286          0.128431800384     f 
         -2.011632284017          0.698082015716         -3.181688723804     f 
          3.084134204145          2.740092322687         -1.699315288774     f 
          6.192761730139          0.507029106861         -0.277590749262     f 
          3.503954898532          2.142503274089          2.336942506956     f 
         -5.811356570424          1.583956172095          2.062410115202     o 
         -6.481698976952         -0.960788702629         -1.291596843843     o 
         -0.676279357798         -1.216479631351          0.624343718218     c 
          2.164357354486         -1.366188566166         -0.147464862188     c 
         -2.339386506831          0.830296750413         -0.674094276789     c 
          3.770440527977          1.085555723350          0.066995971183     c 
         -5.158682934261          0.353024984443         -0.033921000613     c 
         -7.562991998411          1.225300665766          2.429428928682     h 
$end
