$coord
         -1.687721402597         -3.483007766691          0.081028098136     f 
         -0.816634419347         -0.850038972702          3.134712196754     f 
          3.225441659493         -3.120350821886          1.359272724234     f 
          2.305335645816         -2.157261243257         -2.554506399880     f 
         -1.624998841275          3.132610026794          0.126694159731     f 
         -2.012226448823          0.695896242934         -3.182166995267     f 
          3.083636177305          2.740209127372         -1.698874440972     f 
          6.192426689649          0.507392452972         -0.278513133928     f 
          3.504342441103          2.142339004795          2.337074652109     f 
         -5.810449171500          1.583681663696          2.063193095543     o 
         -6.482280720010         -0.959743564772         -1.291401797926     o 
         -0.676332653448         -1.216346506414          0.624669247592     c 
          2.164230132429         -1.366134952713         -0.147335117282     c 
         -2.339486174528          0.830008205636         -0.674624483788     c 
          3.770200509562          1.085559717895          0.067023275614     c 
         -5.158647454820          0.353306696647         -0.033685612751     c 
         -7.562107221026          1.225678566247          2.430913039889     h 
$end
