$coord
         -1.687564935374         -3.482669855338          0.080325538194     f 
         -0.816780459131         -0.850379595633          3.134530309289     f 
          3.225343199346         -3.120435742032          1.359892498064     f 
          2.304930177129         -2.158121934673         -2.554301374494     f 
         -1.625439812457          3.133070351576          0.128855429271     f 
         -2.011411615660          0.698769468041         -3.181895528080     f 
          3.084100088818          2.739274842488         -1.700382928683     f 
          6.192845290785          0.507378103278         -0.276879562652     f 
          3.503027402446          2.143179831661          2.336282355511     f 
         -5.812202594411          1.584876016130          2.061044395392     o 
         -6.480505322595         -0.963189480606         -1.290918235136     o 
         -0.676101512238         -1.216148938100          0.624450666083     c 
          2.164456878807         -1.366408901261         -0.147244415751     c 
         -2.339298939325          0.830575255727         -0.674101535983     c 
          3.770309261276          1.085426163702          0.066738338092     c 
         -5.158420997601          0.352374644508         -0.034037304390     c 
         -7.563730156828          1.225342990636          2.428069247445     h 
$end
