$coord
         -1.687927589254         -3.482786750174          0.079925641730     f 
         -0.816906648552         -0.851086104615          3.134433813158     f 
          3.225188113310         -3.120652478858          1.359357397226     f 
          2.305032236303         -2.157386133931         -2.554638912708     f 
         -1.625156883908          3.132708325648          0.128893413606     f 
         -2.011440723759          0.698668986376         -3.181660794773     f 
          3.084221807447          2.739850453156         -1.699680295524     f 
          6.192836071087          0.507043582549         -0.277244782405     f 
          3.503647188219          2.142728037119          2.336747015325     f 
         -5.811744614996          1.584234897416          2.061914437311     o 
         -6.481284402391         -0.961580469572         -1.291488628151     o 
         -0.676238419091         -1.216430968266          0.624317335070     c 
          2.164399330159         -1.366254092053         -0.147421665918     c 
         -2.339342175308          0.830425293682         -0.673999043634     c 
          3.770445968508          1.085520852305          0.066928592220     c 
         -5.158626014830          0.352820792323         -0.034014010067     c 
         -7.563360132568          1.225263180585          2.428793820683     h 
$end
