$coord
       -1.10350138014584       -3.85140493950971        0.12877894878832      F 
       -0.67015446386265       -0.73282924925135        2.71530711209855      F 
        3.47121625161592       -3.06372585402001       -0.68885145590263      F 
        2.08399210973215       -0.15750301867917       -3.19791400695066      F 
       -1.88726994661351        2.43819246314361       -1.77466644081768      F 
       -3.14225624729744       -1.09843353256815       -3.40546632958320      F 
        5.69485408405267        1.83764767000034       -0.41483099597480      F 
        4.31830609956121        0.14897280714116        3.02097086313194      F 
        2.22436346246004        3.15883583332301        1.24569040865716      F 
       -5.00275749064062        2.27206789614875        1.84254643816651      O 
       -6.76650887563714       -1.34194001557489        0.43393790802192      O 
       -0.58912105903166       -1.38236778394282        0.25299465176318      C 
        2.15597000077587       -0.90305756288016       -0.78241368084999      C 
       -2.69994093378939        0.09710831072939       -1.21886655775761      C 
        3.63377585121950        1.12663373327427        0.81500043252392      C 
       -5.15058886495749        0.21575961706991        0.45458096071067      C 
       -6.49666681389126        2.37914786972434        2.93434950812880      H 
$end
 $chrg 0
$end
