          10          11  0.267110692507434     
           1          12  0.972846036105817     
           2          12  0.943755062011754     
           3          13  0.957671474266436     
           4          13  0.976937879828087     
          12          13  0.880749720768181     
           5          14  0.927166382505711     
           6          14  0.935523922420959     
          12          14  0.928107496822388     
           7          15  0.955127168310596     
           8          15  0.966099643666451     
           9          15  0.984272394987701     
          13          15  0.896556332191183     
          10          16   1.69591332002675     
          11          16   1.68748837003333     
          14          16  0.516165743453394     
