$coord
         -1.687669422119         -3.482687175887          0.080184708024     f 
         -0.816828935004         -0.850585815371          3.134500439917     f 
          3.225282878072         -3.120501281107          1.359777592102     f 
          2.304944188874         -2.157956390327         -2.554377379995     f 
         -1.625386750224          3.132997457089          0.128986417643     f 
         -2.011373832988          0.698890019571         -3.181826912600     f 
          3.084185899762          2.739376613769         -1.700278465959     f 
          6.192869313119          0.507259285718         -0.276890911111     f 
          3.503144927016          2.143110949743          2.336366388288     f 
         -5.812175272291          1.584769819336          2.061167744571     o 
         -6.480634535551         -0.962929762242         -1.291052929719     o 
         -0.676138240342         -1.216218331266          0.624406966848     c 
          2.164447332497         -1.366375369275         -0.147281894494     c 
         -2.339306059019          0.830564776103         -0.674048811476     c 
          3.770362182498          1.085441983032          0.066778271001     c 
         -5.158473008819          0.352457819248         -0.034060989284     c 
         -7.563729091434          1.225328506303          2.428109411050     h 
$end
