$coord
         -1.687768034359         -3.482713988109          0.080065112428     f 
         -0.816866541873         -0.850782792349          3.134472248154     f 
          3.225235676580         -3.120560640407          1.359644590177     f 
          2.304968433381         -2.157766193464         -2.554465453219     f 
         -1.625317902117          3.132906058625          0.129033970526     f 
         -2.011367493071          0.698907904040         -3.181760547691     f 
          3.084232698773          2.739513931640         -1.700114401691     f 
          6.192873927961          0.507161775169         -0.276962745528     f 
          3.503295189186          2.143005482747          2.336478850725     f 
         -5.812081083906          1.584616017568          2.061367844717     o 
         -6.480818382365         -0.962548127923         -1.291201807709     o 
         -0.676172700882         -1.216292213820          0.624368846809     c 
          2.164433707924         -1.366336279163         -0.147328475676     c 
         -2.339315667147          0.830534091800         -0.674012220114     c 
          3.770402129310          1.085465210289          0.066826056985     c 
         -5.158527851382          0.352565730903         -0.034061923576     c 
         -7.563659200860          1.225304867937          2.428258530264     h 
$end
