$coord
       -1.10808583414300       -3.84597752206251        0.13794663985535      F 
       -0.67054342002160       -0.72213207609398        2.71707179068398      F 
        3.46865282774287       -3.06675598153780       -0.67728188973125      F 
        2.08608647387206       -0.16694022541966       -3.19697683171120      F 
       -1.88689571628157        2.44379891057869       -1.77027738080156      F 
       -3.13427109370846       -1.09217707393512       -3.40849905026616      F 
        5.70284638245738        1.82509778758308       -0.41652758053668      F 
        4.31134211159199        0.16193024865273        3.02518671793691      F 
        2.23228248800517        3.16780496153565        1.22612970732850      F 
       -5.00169758606886        2.25590200002358        1.85649306272072      O 
       -6.77599582227660       -1.33620402052258        0.40745784706623      O 
       -0.59003193424342       -1.37749034377587        0.25635003153648      C 
        2.15600994160876       -0.90498210192321       -0.77888075675642      C 
       -2.69886732789960        0.10114098620187       -1.21945681208525      C 
        3.63581937767571        1.12871699325186        0.81171993289627      C 
       -5.15367858538194        0.21444951543201        0.44784471259411      C 
       -6.49832063288401        2.35760019914157        2.94504087623985      H 
$end
 $chrg 0
$end
