          10          11  0.267110931149723     
           1          12  0.972846121907885     
           2          12  0.943757000328625     
           3          13  0.957673660708536     
           4          13  0.976937297416183     
          12          13  0.880742554373141     
           5          14  0.927167451668172     
           6          14  0.935523026748432     
          12          14  0.928110011847826     
           7          15  0.955124114217785     
           8          15  0.966103192430399     
           9          15  0.984268905596065     
          13          15  0.896557947108922     
          10          16   1.69591315292789     
          11          16   1.68748944647547     
          14          16  0.516164362434218     
