$coord
       -1.10373758241149       -3.85303347110248        0.12816413043763      F 
       -0.67050605561411       -0.73422610528163        2.71466180786357      F 
        3.47173290580625       -3.06484565672923       -0.68664069109731      F 
        2.08377286693815       -0.16191828188154       -3.19926350025556      F 
       -1.88719961294210        2.43468614274493       -1.77983090305290      F 
       -3.14761332222349       -1.10342476596346       -3.40310867019958      F 
        5.69691651602681        1.83226640603378       -0.41413245186539      F 
        4.31069035131567        0.15429773476068        3.02286337143412      F 
        2.22411498911289        3.16174394663914        1.23505277634873      F 
       -4.99740159039731        2.27731124094185        1.84233297211249      O 
       -6.76577529857845       -1.33840597964495        0.44347063028179      O 
       -0.58955828228602       -1.38397729618685        0.25230635666912      C 
        2.15556874872328       -0.90482318457210       -0.78289472769737      C 
       -2.70106188651867        0.09523127341483       -1.21905645246267      C 
        3.63218260666760        1.12697790604897        0.81279421595767      C 
       -5.14888412835056        0.21851242128325        0.45830863234669      C 
       -6.48914197379871        2.38679244400385        2.93687940026058      H 
$end
 $chrg 0
$end
