          10          11  0.267112082838900     
           1          12  0.972846716308100     
           2          12  0.943753636853460     
           3          13  0.957671819041142     
           4          13  0.976937776418578     
          12          13  0.880747678970642     
           5          14  0.927166134212280     
           6          14  0.935521850260803     
          12          14  0.928108392758362     
           7          15  0.955126489994155     
           8          15  0.966099955791609     
           9          15  0.984271451100558     
          13          15  0.896556823304584     
          10          16   1.69592344070771     
          11          16   1.68749547504890     
          14          16  0.516148372084555     
