$coord
       -1.10093459430069       -3.87112246231167        0.08887602047771      F 
       -0.68026879379756       -0.77795347769457        2.70777977939194      F 
        3.48712883068905       -3.05977263707024       -0.66520932885169      F 
        2.09549835834915       -0.17803079042142       -3.20000815768068      F 
       -1.87546931461004        2.41921690374877       -1.80059942157597      F 
       -3.16237872314143       -1.11692766436642       -3.40507701179944      F 
        5.66625279753476        1.86954344493820       -0.40535941258007      F 
        4.29712049892282        0.16968999275437        3.02760640759220      F 
        2.17810906740526        3.15615515120088        1.24452359871811      F 
       -4.95151795407524        2.28026872321079        1.85658220993008      O 
       -6.77923387882659       -1.29949591931499        0.44197272538206      O 
       -0.59089864201725       -1.40268492214931        0.23903895590260      C 
        2.15702928456858       -0.90913251152282       -0.77988476124799      C 
       -2.69982056242642        0.08618550317152       -1.22726447236157      C 
        3.60910109141207        1.13834099406767        0.81868771191742      C 
       -5.13940510701606        0.23288749459722        0.46052209611177      C 
       -6.43679764737028        2.40577214930779        2.95825004735747      H 
$end
 $chrg 0
$end
