          10          11  0.267110283679581     
           1          12  0.972843938088564     
           2          12  0.943756427648193     
           3          13  0.957672289283158     
           4          13  0.976937610557156     
          12          13  0.880748154034048     
           5          14  0.927165913586965     
           6          14  0.935525875573563     
          12          14  0.928108405576559     
           7          15  0.955126287156240     
           8          15  0.966100544394326     
           9          15  0.984272321877018     
          13          15  0.896556721135732     
          10          16   1.69590964594889     
          11          16   1.68748520897625     
          14          16  0.516172376009078     
