$coord
       -1.10498645956992       -3.84849043229949        0.13731668776732      F 
       -0.67056985428808       -0.72362869717711        2.71586136574452      F 
        3.46720578457668       -3.06643171650808       -0.69103047825423      F 
        2.08336504837372       -0.15568539351685       -3.19652504829780      F 
       -1.88786689562702        2.43842134837714       -1.77707891323156      F 
       -3.14082876683926       -1.10046083683590       -3.40519172023409      F 
        5.70257961354940        1.82569954440278       -0.41092107494478      F 
        4.31513878412174        0.14500308822422        3.02440853957652      F 
        2.23325677990225        3.15940054373733        1.24213317617814      F 
       -5.00513356591861        2.27368183455051        1.83970466481914      O 
       -6.76869468932382       -1.34000463052565        0.43000407492429      O 
       -0.58982158900584       -1.37937803010484        0.25524186624143      C 
        2.15545731730058       -0.90369244010766       -0.78176422955993      C 
       -2.70022866697829        0.09754061146720       -1.21958127098814      C 
        3.63720587012344        1.12243075953956        0.81624725927647      C 
       -5.15224602857497        0.21720371569204        0.45192642001217      C 
       -6.50025138683960        2.38165728004717        2.92981018683019      H 
$end
 $chrg 0
$end
