          10          11  0.267112423323556     
           1          12  0.972844596503542     
           2          12  0.943752331056001     
           3          13  0.957669441801023     
           4          13  0.976937290015130     
          12          13  0.880751796155755     
           5          14  0.927164568833296     
           6          14  0.935524234614151     
          12          14  0.928107764264921     
           7          15  0.955127252971205     
           8          15  0.966098600660215     
           9          15  0.984273899405811     
          13          15  0.896556569089639     
          10          16   1.69592284581976     
          11          16   1.68749747698266     
          14          16  0.516146490180621     
