$coord
       -1.09957324842417       -3.84780529998812        0.14378283052001      F 
       -0.66649596374623       -0.71912714895838        2.71804007537746      F 
        3.47197139473638       -3.06027691214566       -0.68720303228211      F 
        2.08068475943285       -0.15791603523114       -3.19862341721902      F 
       -1.89399575028172        2.43692263731884       -1.77409686684554      F 
       -3.13768261626250       -1.10482779378653       -3.40292964293135      F 
        5.69995093106343        1.83507943720607       -0.42166312247231      F 
        4.31829448690789        0.16114468762356        3.01927473002955      F 
        2.23088231197928        3.16856204956760        1.23204008337918      F 
       -5.00871393376202        2.26082810326056        1.84636731714475      O 
       -6.76891100158938       -1.35082625619012        0.42708510334496      O 
       -0.58723923649620       -1.37778570794872        0.25819661805618      C 
        2.15632576526925       -0.89991661420252       -0.78210635137610      C 
       -2.70086605264191        0.09409735170822       -1.21705351531320      C 
        3.63679720847619        1.13234328301536        0.80951436937034      C 
       -5.15365360818596        0.20753694179067        0.45354536215371      C 
       -6.50418898419904        2.36466453261701        2.93635133816031      H 
$end
 $chrg 0
$end
