          10          11  0.267110623073598     
           1          12  0.972845658389280     
           2          12  0.943755789470921     
           3          13  0.957672290361221     
           4          13  0.976937235656173     
          12          13  0.880746194530175     
           5          14  0.927166634540168     
           6          14  0.935524966699064     
          12          14  0.928109134853257     
           7          15  0.955126629083351     
           8          15  0.966100913906198     
           9          15  0.984270753386109     
          13          15  0.896556954560463     
          10          16   1.69591309378239     
          11          16   1.68748414101291     
          14          16  0.516169804780543     
